structure(c(0.213298120242349, 0.125368960695976, 0.0434985241572161, 
0.024234892030449, 0.0383719123815442, 0.0764331210191083, 0.112785459064782, 
0.101444772409508, 0.0574801926363213, 0.0365076899176635, 0.0427217647972658, 
0.037905856765574, 0.035264874941743, 0.0248562995184092, 0.029827559422091, 
0.0635705669481303, 0.414234016887817, 0.0785283474065139, 0.0219541616405308, 
0.0174909529553679, 0.0386007237635706, 0.0673100120627262, 0.0837153196622437, 
0.0727382388419783, 0.0323281061519904, 0.0246079613992762, 0.0225572979493366, 
0.0231604342581423, 0.0155609167671894, 0.023642943305187, 0.0200362236812316, 
0.066334616255377, 0.49728322390763, 0.0881820239981888, 0.0224134027620557, 
0.0149422685080371, 0.0284129499660403, 0.0556939098935929, 0.0773149196287073, 
0.0466379895856916, 0.020828616708173, 0.0133574824541544, 0.0117726964002717, 
0.0114330993887254, 0.0253565768621236, 0.0137964419702287, 0.0273508410988745, 
0.0780588164105046, 0.51591431683408, 0.0867723587074912, 0.0308604623018274, 
0.0185162773810965, 0.0353382548711122, 0.0508289967324216, 0.0626890959699867, 
0.0343700835047803, 0.0163378918068498, 0.00593004961878252, 
0.00580902819799104, 0.0174270845939731, 0.0261397230434106, 
0.0208495409989108, 0.0220942897152637, 0.116384004978995, 0.290026450910222, 
0.131009802396141, 0.0849540998910845, 0.0511902909600125, 0.051968258907733, 
0.0709506768321145, 0.0599035319744827, 0.0275400653493076, 0.0121362999844406, 
0.00886883460401432, 0.0259841294538665, 0.0595945473610626, 
0.0470115344285215, 0.0131073051380636, 0.0400209716882209, 0.14208318769661, 
0.214435512058721, 0.129849702901084, 0.0723523243621111, 0.052953512757777, 
0.0569730863334498, 0.0646627053477805, 0.0405452638937434, 0.0241174414540371, 
0.0125830129325411, 0.0297098916462775, 0.0957300275482094, 0.0757575757575758, 
0.0402892561983471, 0.0289256198347107, 0.0516528925619835, 0.0971074380165289, 
0.163567493112948, 0.142906336088154, 0.0845385674931129, 0.0559573002754821, 
0.0463154269972452, 0.0413223140495868, 0.0294421487603306, 0.0203168044077135, 
0.0261707988980716, 0.0727304287450096, 0.101024127755598, 0.0697795521610832, 
0.0317653185210901, 0.0373199097378927, 0.0689116472834577, 0.101544870682173, 
0.166811317479604, 0.112827634091304, 0.0604061794827287, 0.0454782155875716, 
0.0319388994966152, 0.0345426141294914, 0.0305502516924145, 0.0343690331539663, 
0.0798333333333333, 0.0651666666666667, 0.0845, 0.0846666666666667, 
0.0568333333333333, 0.0541666666666667, 0.0648333333333333, 0.0906666666666667, 
0.1435, 0.098, 0.0611666666666667, 0.023, 0.0271666666666667, 
0.0211666666666667, 0.0453333333333333, 0.0438945086705202, 0.0402817919075144, 
0.0547326589595376, 0.0917630057803468, 0.0644869942196532, 0.0680997109826589, 
0.073157514450867, 0.0796604046242775, 0.107478323699422, 0.140895953757225, 
0.0859826589595376, 0.0469653179190751, 0.0229407514450867, 0.0180635838150289, 
0.0615968208092486, 0.0317523318118674, 0.0523913474895813, 0.0420718396507243, 
0.0456439769795594, 0.0662829926572733, 0.0898987894423497, 0.0644969239928557, 
0.0662829926572733, 0.084540583449097, 0.100416749355031, 0.135939670569557, 
0.0841436793014487, 0.0438579083151419, 0.0188529470132963, 0.0734272673149434, 
0.0386544086920184, 0.0394901796907647, 0.0250731299623903, 0.0336397826995403, 
0.0526535729210196, 0.0773088173840368, 0.0900543251149185, 0.0687421646468868, 
0.0737567906393648, 0.0725031341412453, 0.11324697033013, 0.147304638529043, 
0.0660259089009611, 0.0386544086920184, 0.0628917676556623, 0.0496812486260717, 
0.0345130797977578, 0.0292371949879094, 0.0217630248406243, 0.0331941085952957, 
0.0584743899758189, 0.0903495273686524, 0.0813365574851616, 0.0850736425588041, 
0.0613321609144867, 0.0635304462519235, 0.100681468454605, 0.126841063970103, 
0.0747417014728512, 0.089250384699934, 0.0393722466960352, 0.0506607929515419, 
0.0291850220264317, 0.0234030837004405, 0.0278083700440529, 0.0393722466960352, 
0.0575440528634361, 0.0707599118942731, 0.081773127753304, 0.0547907488986784, 
0.0622246696035242, 0.079295154185022, 0.112059471365639, 0.125825991189427, 
0.145925110132159, 0.0270916334661355, 0.0318725099601594, 0.0648074369189907, 
0.0637450199203187, 0.0233731739707835, 0.0448871181938911, 0.0451527224435591, 
0.0640106241699867, 0.0725099601593625, 0.0884462151394422, 0.0605577689243028, 
0.0549800796812749, 0.0775564409030545, 0.0937583001328021, 0.187250996015936
), .Dim = c(15L, 15L), .Dimnames = list(c("1", "2", "3", "4", 
"5", "6", "7", "8", "9", "10", "11", "12", "13", "14", "15"), 
    c("1", "2", "3", "4", "5", "6", "7", "8", "9", "10", "11", 
    "12", "13", "14", "15")))
