structure(list(p = c(0.0334286760021147, 0.0292128129702178, 
0.0309344033401564, 0.0369396358904147, 0.0354756062844826, 0.0346622565034093, 
0.0336455692770676, 0.0359771719828112, 0.0346893681627784, 0.0269218777535279, 
0.0356653879000664, 0.0178665835242446, 0.0296737111794927, 0.0253358456804349, 
0.0177581368867682, 0.0260543046537163, 0.0169718987650639, 0.0169583429353794, 
0.0218791091108731, 0.0159280998793531, 0.0226517914028928, 0.0105057680055308, 
0.0144234027843674, 0.0114275644240806, 0.00909596171833697, 
0.0222586723420407, 0.0103702097086852, 0.011658013528718, 0.0156434274559774, 
0.00874351014653852, 0.0233973620355434, 0.00573411595656712, 
0.0115631227209261, 0.00737437134839838, 0.0066016890563787, 
0.0236142553104963, 0.00844528189347829, 0.00748281798587483, 
0.0127153682441134, 0.00652035407827136, 0.0183952608819423, 
0.00399896975694397, 0.00694058479849259, 0.00574767178625168, 
0.00302295001965595, 0.0160501023465141, 0.00421586303189687, 
0.0044192004771652, 0.00710325475470726, 0.00551722268161423, 
0.01068199379143, 0.00351095988829996, 0.00795727202483428, 0.0038362998007293, 
0.00424297469126598, 0.00851306104190107, 0.00444631213653432, 
0.00245360517290461, 0.00437853298811154, 0.0023316027057436, 
0.0101397606040478, 0.00223671189795171, 0.00528677357697678, 
0.00322628746492429, 0.0023316027057436, 0.00799793951388795, 
0.00107091054507991, 0.00231804687605905, 0.00314495248681696, 
0.00166736705120037, 0.0266100936707831), age = 0:70), .Names = c("p", 
"age"), row.names = c(NA, -71L), class = "data.frame")
