structure(list(n = c(0, 1, 2, 3, 4, 5, 6, 7, 8, 9, 10, 11, 12, 
13, 14, 15, 16, 17, 18, 19, 20, 21, 22, 23, 24, 25, 26, 27, 28, 
29, 30, 31, 32, 33, 34, 35, 36, 37, 38, 39, 40, 41, 42, 43, 44, 
45, 46, 47, 48, 49, 50, 51, 52, 53, 54, 55, 56, 57, 58, 59), 
    p = c(0.00415992604575919, 0.124104460365149, 0.0603189276635082, 
    0.054887913103767, 0.0565056621215623, 0.0625144441876589, 
    0.0566212156228334, 0.0533857175872429, 0.0479547030275017, 
    0.0397504044372545, 0.040443725444881, 0.0340882828749711, 
    0.0321238733533626, 0.0288883753177721, 0.0257684307834527, 
    0.0290039288190432, 0.0189507742084585, 0.0218396117402357, 
    0.0162930436792235, 0.0164085971804946, 0.0144441876588861, 
    0.0116709036283799, 0.0123642246360065, 0.00889761959787382, 
    0.0100531546105847, 0.00912872660041599, 0.00843540559278946, 
    0.00670210307372313, 0.00785763808643402, 0.014328634157615, 
    0.00993760110931361, 0.00323549803559048, 0.00462214005084354, 
    0.00508435405592789, 0.00612433556736769, 0.00427547954703027, 
    0.0040443725444881, 0.00207996302287959, 0.00265773052923504, 
    0.00207996302287959, 0.0019644095216085, 0.00138664201525306, 
    0.00127108851398197, 0.0019644095216085, 0.00115553501271089, 
    0.0136353131499884, 0.000231107002542177, 0.000693321007626531, 
    0.000346660503813266, 0.000577767506355443, 0.00080887450889762, 
    0.000115553501271089, 0.000346660503813266, 0.000462214005084354, 
    0.000462214005084354, 0.00173330251906633, 0.000346660503813266, 
    0.000115553501271089, 0.000231107002542177, 0.000115553501271089
    )), .Names = c("n", "p"), row.names = c(NA, -60L), class = "data.frame")
